0.00
0.06
0.13
0.19
0.25
0.32
0.38
0.44
0.50
0.56
0.61
0.67
0.72
0.76
0.81
0.85
0.88
0.92
0.94
0.97
0.98
0.99
1.00
1.00
0.99
0.98
0.96
0.94
0.91
0.87
0.83
0.78
0.72
0.66
0.60
0.53
0.46
0.38
0.30
0.21
0.13
0.04
-0.05
-0.14
-0.23
-0.32
-0.40
-0.48
-0.56
-0.64
-0.71
-0.77
-0.83
-0.88
-0.92
-0.95
-0.98
-0.99
-1.00
-1.00
-0.98
-0.96
-0.92
-0.88
-0.83
-0.77
-0.69
-0.62
-0.53
-0.44
-0.34
-0.24
-0.13
-0.02
0.09
0.20
0.30
0.41
0.50
0.60
0.68
0.76
0.83
0.89
0.94
0.97
0.99
1.00
0.99
0.97
0.94
0.89
0.83
0.76
0.68
0.58
0.48
0.37
0.25
0.13
-0.00
-0.13
-0.25
-0.37
-0.49
-0.59
-0.69
-0.78
-0.85
-0.92
-0.96
-0.99
-1.00
-0.99
-0.97
-0.93
-0.87
-0.79
-0.70
-0.60
-0.48
-0.36
-0.22
-0.09
0.06
0.20
0.33
0.46
0.58
0.69
0.79
0.87
0.93
0.98
1.00
1.00
0.98
0.93
0.87
0.79
0.68
0.57
0.44
0.29
0.15
-0.01
-0.16
-0.31
-0.46
-0.59
-0.71
-0.81
-0.89
-0.95
-0.99
-1.00
-0.99
-0.95
-0.88
-0.79
-0.68
-0.56
-0.41
-0.26
-0.10
0.07
0.24
0.39
0.54
0.68
0.79
0.88
0.95
0.99
1.00
0.98
0.93
0.86
0.75
0.63
0.48
0.32
0.15
-0.03
-0.20
-0.38
-0.53
-0.68
-0.80
-0.89
-0.96
-0.99
-1.00
-0.96
-0.90
-0.80
-0.68
-0.53
-0.37
-0.19
0.00
0.19
0.37
0.54
0.69
0.81
0.91
0.97
1.00
0.99
0.94
0.86
0.74
0.60
0.43
0.24
0.05
-0.15
-0.35
-0.53
-0.68
-0.82
-0.92
-0.98
-1.00
-0.98
-0.92
-0.82
-0.69
-0.52
-0.34
-0.14
0.07
0.28
0.47
0.64
0.79
0.90
0.97
1.00
0.98
0.92
0.82
0.67
0.50
0.30
0.09
-0.13
-0.34
-0.54
-0.71
-0.84
-0.94
-0.99
-1.00
-0.95
-0.85
-0.72
-0.55
-0.34
-0.13
0.10
0.32
0.53
0.71
0.85
0.95
1.00
0.99
0.93
0.83
0.68
0.49
0.27
0.04
-0.20
-0.42
-0.62
-0.79
-0.91
-0.98
-1.00
-0.96
-0.86
-0.72
-0.53
-0.31
-0.07
0.17
0.40
0.61
0.79
0.91
0.99
1.00
0.95
0.84
0.68
0.48
0.25
0.00
-0.25
-0.48
-0.69
-0.85
-0.95
-1.00
-0.98
-0.90
-0.75
-0.56
-0.33
-0.08
0.18
0.42
0.64
0.82
0.94
1.00
0.98
0.90
0.76
0.57
0.33
0.07
-0.20
-0.45
-0.67
-0.84
-0.95
-1.00
-0.97
-0.87
-0.71
-0.49
-0.24
0.03
0.30
0.55
0.75
0.90
0.99
0.99
0.92
0.78
0.58
0.33
0.06
-0.22
-0.48
-0.71
-0.88
-0.98
-1.00
-0.94
-0.80
-0.60
-0.35
-0.07
0.21
0.48
0.71
0.88
0.98
1.00
0.93
0.78
0.56
0.30
0.01
-0.28
-0.55
-0.77
-0.92
-0.99
-0.98
-0.88
-0.70
-0.46
-0.17
0.13
0.41
0.67
0.86
0.97
1.00
0.93
0.78
0.55
0.27
-0.03
-0.33
-0.60
-0.82
-0.95
-1.00
-0.95
-0.81
-0.59
-0.31
-0.00
0.31
0.59
0.81
0.95
1.00
0.95
0.80
0.57
0.28
-0.03
-0.34
-0.62
-0.84
-0.97
-1.00
-0.92
-0.75
-0.50
-0.20
0.13
0.44
0.70
0.90
0.99
0.98
0.86
0.65
0.37
0.05
-0.28
-0.58
-0.81
-0.96
-1.00
-0.93
-0.75
-0.49
-0.17
0.16
0.48
0.75
0.93
1.00
0.96
0.80
0.56
0.25
-0.10
-0.43
-0.71
-0.90
-1.00
-0.97
-0.82
-0.58
-0.27
0.08
0.42
0.70
0.90
1.00
0.97
0.81
0.56
0.24
-0.11
-0.45
-0.73
-0.93
-1.00
-0.95
-0.77
-0.50
-0.16
0.20
0.53
0.80
0.96
1.00
0.90
0.69
0.39
0.03
-0.33
-0.64
-0.88
-0.99
-0.97
-0.82
-0.56
-0.22
0.15
0.50
0.78
0.95
1.00
0.90
0.68
0.37
0.00
-0.37
-0.69
-0.91
-1.00
-0.95
-0.76
-0.47
-0.11
0.27
0.61
0.86
0.99
0.97
0.81
0.53
0.17
-0.21
-0.57
-0.84
-0.98
-0.98
-0.83
-0.55
-0.19
0.20
0.56
0.83
0.98
0.98
0.83
0.55
0.18
-0.21
-0.58
-0.85
-0.99
-0.97
-0.80
-0.50
-0.13
0.27
0.63
0.88
1.00
0.95
0.75
0.42
0.03
-0.37
-0.71
-0.93
-1.00
-0.90
-0.66
-0.30
0.11
0.50
0.80
0.97
0.98
0.82
0.52
0.13
-0.28
-0.64
-0.90
-1.00
-0.93
-0.69
-0.34
0.08
0.48
0.80
0.97
0.98
0.81
0.50
0.10
-0.32
-0.68
-0.93
-1.00
-0.89
-0.62
-0.24
0.19
0.58
0.87
1.00
0.94
0.71
0.35
-0.08
-0.49
-0.81
-0.98
-0.97
-0.77
-0.43
-0.00
0.43
0.77
0.97
0.98
0.80
0.47
0.05
-0.39
-0.75
-0.96
-0.99
-0.82
-0.49
-0.06
0.38
0.74
0.96
0.99
0.82
0.48
0.05
-0.39
-0.76
-0.97
-0.98
-0.79
-0.45
-0.01
0.44
0.79
0.98
0.97
0.75
0.38
-0.07
-0.51
-0.84
-0.99
-0.94
-0.68
-0.28
0.18
0.60
0.90
1.00
0.89
0.59
0.16
-0.31
-0.71
-0.95
-0.99
-0.81
-0.45
0.01
0.46
0.82
0.99
0.94
0.68
0.27
-0.20
-0.63
-0.92
-1.00
-0.85
-0.51
-0.06
0.41
0.79
0.98
0.95
0.70
0.29
-0.20
-0.63
-0.92
-1.00
-0.84
-0.48
-0.01
0.46
0.83
0.99
0.93
0.64
0.20
-0.29
-0.71
-0.96
-0.98
-0.76
-0.35
0.14
0.59
0.91
1.00
0.84
0.48
0.00
-0.48
-0.85
-1.00
-0.90
-0.58
-0.11
0.38
0.78
0.99
0.94
0.66
0.20
-0.30
-0.73
-0.97
-0.96
-0.71
-0.27
0.24
0.68
0.95
0.98
0.74
0.32
-0.20
-0.66
-0.94
-0.98
-0.76
-0.34
0.18
0.64
0.94
0.98
0.77
0.34
-0.18
-0.65
-0.94
-0.98
-0.75
-0.32
0.20
0.67
0.95
0.97
0.73
0.28
-0.25
-0.71
-0.97
-0.96
-0.68
-0.21
0.32
0.76
0.99
0.93
0.62
0.13
-0.40
-0.82
-1.00
-0.89
-0.53
-0.01
0.51
0.88
1.00
0.83
0.41
-0.12
-0.62
-0.94
-0.98
-0.73
-0.27
0.27
0.74
0.98
0.93
0.61
0.10
-0.44
-0.85
-1.00
-0.85
-0.44
0.10
0.61
0.94
0.98
0.72
0.24
-0.32
-0.77
-0.99
-0.90
-0.54
-0.00
0.54
0.91
0.99
0.77
0.30
-0.26
-0.74
-0.99
-0.92
-0.56
-0.02
0.52
0.90
0.99
0.77
0.29
-0.28
-0.76
-0.99
-0.90
-0.52
0.03
0.57
0.93
0.98
0.71
0.21
-0.36
-0.82
-1.00
-0.85
-0.42
0.15
0.67
0.97
0.94
0.60
0.05
-0.51
-0.90
-0.99
-0.74
-0.23
0.35
0.81
1.00
0.84
0.40
-0.19
-0.71
-0.98
-0.92
-0.53
0.04
0.59
0.94
0.96
0.65
0.10
-0.48
-0.89
-0.99
-0.74
-0.22
0.38
0.84
1.00
0.80
0.32
-0.28
-0.78
-1.00
-0.86
-0.40
0.20
0.72
0.99
0.89
0.47
-0.13
-0.68
-0.98
-0.92
-0.52
0.07
0.64
0.97
0.94
0.56
-0.03
-0.61
-0.96
-0.95
-0.58
0.01
0.59
0.95
0.95
0.59
0.00
-0.59
-0.95
-0.95
-0.58
0.01
0.60
0.96
0.94
0.57
-0.03
-0.62
-0.96
-0.93
-0.54
0.07
0.65
0.98
0.91
0.49
-0.13
-0.69
-0.99
-0.89
-0.43
0.20
0.75
1.00
0.85
0.36
-0.28
-0.80
-1.00
-0.79
-0.26
0.38
0.86
0.99
0.72
0.15
-0.48
-0.92
-0.97
-0.63
-0.02
0.59
0.96
0.93
0.51
-0.13
-0.71
-0.99
-0.86
-0.37
0.28
0.81
1.00
0.76
0.20
-0.45
-0.90
-0.97
-0.63
-0.01
0.61
0.97
0.91
0.46
-0.19
-0.76
-1.00
-0.80
-0.25
0.41
0.89
0.98
0.64
0.02
-0.61
-0.97
-0.90
-0.44
0.23
0.79
1.00
0.77
0.19
-0.47
-0.92
-0.96
-0.56
0.09
0.70
0.99
0.84
0.30
-0.37
-0.88
-0.98
-0.64
-0.00
0.31
0.59
0.81
0.95
1.00
0.95
0.81
0.59
0.31
0.00
-0.31
-0.59
-0.81
-0.95
-1.00
-0.95
-0.81
-0.59
-0.31
-0.00
0.31
0.59
0.81
0.95
1.00
0.95
0.81
0.59
0.31
0.00
-0.31
-0.59
-0.81
-0.95
-1.00
-0.95
-0.81
-0.59
-0.31
-0.00
0.31
0.59
0.81
0.95
1.00
0.95
0.81
0.59
0.31
0.00
-0.31
-0.59
-0.81
-0.95
-1.00
-0.95
-0.81
-0.59
-0.31
-0.00
0.31
0.59
0.81
0.95
1.00
0.95
0.81
0.59
0.31
0.00
-0.31
-0.59
-0.81
-0.95
-1.00
-0.95
-0.81
-0.59
-0.31
-0.00
0.31
0.59
0.81
0.95
1.00
0.95
0.81
0.59
0.31
0.00
-0.31
-0.59
-0.81
-0.95
-1.00
-0.95
-0.81
-0.59
-0.31
-0.00
0.31
0.59
0.81
0.95
1.00
0.95
0.81
0.59
0.31
0.00
-0.31
-0.59
-0.81
-0.95
-1.00
-0.95
-0.81
-0.59
-0.31
-0.00
0.31
0.59
0.81
0.95
1.00
0.95
0.81
0.59
0.31
0.00
-0.31
-0.59
-0.81
-0.95
-1.00
-0.95
-0.81
-0.59
-0.31
-0.00
0.31
0.59
0.81
0.95
1.00
0.95
0.81
0.59
0.31
0.00
-0.31
-0.59
-0.81
-0.95
-1.00
-0.95
-0.81
-0.59
-0.31
-0.00
0.31
0.59
0.81
0.95
1.00
0.95
0.81
0.59
0.31
0.00
-0.31
-0.59
-0.81
-0.95
-1.00
-0.95
-0.81
-0.59
-0.31
-0.00
0.31
0.59
0.81
0.95
1.00
0.95
0.81
0.59
0.31
0.00
-0.31
-0.59
-0.81
-0.95
-1.00
-0.95
-0.81
-0.59
-0.31
-0.00
0.31
0.59
0.81
0.95
1.00
0.95
0.81
0.59
0.31
0.00
-0.31
-0.59
-0.81
-0.95
-1.00
-0.95
-0.81
-0.59
-0.31
-0.00
0.31
0.59
0.81
0.95
1.00
0.95
0.81
0.59
0.31
0.00
-0.31
-0.59
-0.81
-0.95
-1.00
-0.95
-0.81
-0.59
-0.31
-0.00
0.31
0.59
0.81
0.95
1.00
0.95
0.81
0.59
0.31
0.00
-0.31
-0.59
-0.81
-0.95
-1.00
-0.95
-0.81
-0.59
-0.31
-0.00
0.31
0.59
0.81
0.95
1.00
0.95
0.81
0.59
0.31
0.00
-0.31
-0.59
-0.81
-0.95
-1.00
-0.95
-0.81
-0.59
-0.31
-0.00
0.31
0.59
0.81
0.95
1.00
0.95
0.81
0.59
0.31
0.00
-0.31
-0.59
-0.81
-0.95
-1.00
-0.95
-0.81
-0.59
-0.31
-0.00
0.31
0.59
0.81
0.95
1.00
0.95
0.81
0.59
0.31
0.00
-0.31
-0.59
-0.81
-0.95
-1.00
-0.95
-0.81
-0.59
-0.31
-0.00
0.31
0.59
0.81
0.95
1.00
0.95
0.81
0.59
0.31
0.00
-0.31
-0.59
-0.81
-0.95
-1.00
-0.95
-0.81
-0.59
-0.31
-0.00
0.31
0.59
0.81
0.95
1.00
0.95
0.81
0.59
0.31
0.00
-0.31
-0.59
-0.81
-0.95
-1.00
-0.95
-0.81
-0.59
-0.31
-0.00
0.31
0.59
0.81
0.95
1.00
0.95
0.81
0.59
0.31
0.00
-0.31
-0.59
-0.81
-0.95
-1.00
-0.95
-0.81
-0.59
-0.31
-0.00
0.31
0.59
0.81
0.95
1.00
0.95
0.81
0.59
0.31
0.00
-0.31
-0.59
-0.81
-0.95
-1.00
-0.95
-0.81
-0.59
-0.31
-0.00
0.31
0.59
0.81
0.95
1.00
0.95
0.81
0.59
0.31
0.00
-0.31
-0.59
-0.81
-0.95
-1.00
-0.95
-0.81
-0.59
-0.31
-0.00
0.31
0.59
0.81
0.95
1.00
0.95
0.81
0.59
0.31
0.00
-0.31
-0.59
-0.81
-0.95
-1.00
-0.95
-0.81
-0.59
-0.31
-0.00
0.31
0.59
0.81
0.95
1.00
0.95
0.81
0.59
0.31
0.00
-0.31
-0.59
-0.81
-0.95
-1.00
-0.95
-0.81
-0.59
-0.31
-0.00
0.31
0.59
0.81
0.95
1.00
0.95
0.81
0.59
0.31
0.00
-0.31
-0.59
-0.81
-0.95
-1.00
-0.95
-0.81
-0.59
-0.31
-0.00
0.31
0.59
0.81
0.95
1.00
0.95
0.81
0.59
0.31
0.00
-0.31
-0.59
-0.81
-0.95
-1.00
-0.95
-0.81
-0.59
-0.31
-0.00
0.31
0.59
0.81
0.95
1.00
0.95
0.81
0.59
0.31
0.00
-0.31
-0.59
-0.81
-0.95
-1.00
-0.95
-0.81
-0.59
-0.31
-0.00
0.31
0.59
0.81
0.95
1.00
0.95
0.81
0.59
0.31
0.00
-0.31
-0.59
-0.81
-0.95
-1.00
-0.95
-0.81
-0.59
-0.31
-0.00
0.31
0.59
0.81
0.95
1.00
0.95
0.81
0.59
0.31
0.00
-0.31
-0.59
-0.81
-0.95
-1.00
-0.95
-0.81
-0.59
-0.31
-0.00
0.31
0.59
0.81
0.95
1.00
0.95
0.81
0.59
0.31
0.00
-0.31
-0.59
-0.81
-0.95
-1.00
-0.95
-0.81
-0.59
-0.31
-0.00
0.31
0.59
0.81
0.95
1.00
0.95
0.81
0.59
0.31
0.00
-0.31
-0.59
-0.81
-0.95
-1.00
-0.95
-0.81
-0.59
-0.31
-0.00
0.31
0.59
0.81
0.95
1.00
0.95
0.81
0.59
0.31
0.00
-0.31
-0.59
-0.81
-0.95
-1.00
-0.95
-0.81
-0.59
-0.31
-0.00
0.31
0.59
0.81
0.95
1.00
0.95
0.81
0.59
0.31
0.00
-0.31
-0.59
-0.81
-0.95
-1.00
-0.95
-0.81
-0.59
-0.31
-0.00
0.31
0.59
0.81
0.95
1.00
0.95
0.81
0.59
0.31
0.00
-0.31
-0.59
-0.81
-0.95
-1.00
-0.95
-0.81
-0.59
-0.31
-0.00
0.31
0.59
0.81
0.95
1.00
0.95
0.81
0.59
0.31
0.00
-0.31
-0.59
-0.81
-0.95
-1.00
-0.95
-0.81
-0.59
-0.31
-0.00
0.31
0.59
0.81
0.95
1.00
0.95
0.81
0.59
0.31
0.00
-0.31
-0.59
-0.81
-0.95
-1.00
-0.95
-0.81
-0.59
-0.31
-0.00
0.31
0.59
0.81
0.95
1.00
0.95
0.81
0.59
0.31
0.00
-0.31
-0.59
-0.81
-0.95
-1.00
-0.95
-0.81
-0.59
-0.31
-0.00
0.31
0.59
0.81
0.95
1.00
0.95
0.81
0.59
0.31
0.00
-0.31
-0.59
-0.81
-0.95
-1.00
-0.95
-0.81
-0.59
-0.31
-0.00
0.31
0.59
0.81
0.95
1.00
0.95
0.81
0.59
0.31
0.00
-0.31
-0.59
-0.81
-0.95
-1.00
-0.95
-0.81
-0.59
-0.31
-0.00
0.31
0.59
0.81
0.95
1.00
0.95
0.81
0.59
0.31
0.00
-0.31
-0.59
-0.81
-0.95
-1.00
-0.95
-0.81
-0.59
-0.31
-0.00
0.31
0.59
0.81
0.95
1.00
0.95
0.81
0.59
0.31
-0.00
-0.31
-0.59
-0.81
-0.95
-1.00
-0.95
-0.81
-0.59
-0.31
0.00
0.31
0.59
0.81
0.95
1.00
0.95
0.81
0.59
0.31
-0.00
-0.31
-0.59
-0.81
-0.95
-1.00
-0.95
-0.81
-0.59
-0.31
0.00
0.31
0.59
0.81
0.95
1.00
0.95
0.81
0.59
0.31
-0.00
-0.31
-0.59
-0.81
-0.95
-1.00
-0.95
-0.81
-0.59
-0.31
0.00
0.31
0.59
0.81
0.95
1.00
0.95
0.81
0.59
0.31
-0.00
-0.31
-0.59
-0.81
-0.95
-1.00
-0.95
-0.81
-0.59
-0.31
0.00
0.31
0.59
0.81
0.95
1.00
0.95
0.81
0.59
0.31
-0.00
-0.31
-0.59
-0.81
-0.95
-1.00
-0.95
-0.81
-0.59
-0.31
0.00
0.31
0.59
0.81
0.95
1.00
0.95
0.81
0.59
0.31
-0.00
-0.31
-0.59
-0.81
-0.95
-1.00
-0.95
-0.81
-0.59
-0.31
0.00
0.31
0.59
0.81
0.95
1.00
0.95
0.81
0.59
0.31
-0.00
-0.31
-0.59
-0.81
-0.95
-1.00
-0.95
-0.81
-0.59
-0.31
0.00
0.31
0.59
0.81
0.95
1.00
0.95
0.81
0.59
0.31
-0.00
-0.31
-0.59
-0.81
-0.95
-1.00
-0.95
-0.81
-0.59
-0.31
0.00
0.31
0.59
0.81
0.95
1.00
0.95
0.81
0.59
0.31
-0.00
-0.31
-0.59
-0.81
-0.95
-1.00
-0.95
-0.81
-0.59
-0.31
0.00
0.31
0.59
0.81
0.95
1.00
0.95
0.81
0.59
0.31
-0.00
-0.31
-0.59
-0.81
-0.95
-1.00
-0.95
-0.81
-0.59
-0.31
0.00
0.31
0.59
0.81
0.95
1.00
0.95
0.81
0.59
0.31
-0.00
-0.31
-0.59
-0.81
-0.95
-1.00
-0.95
-0.81
-0.59
-0.31
